STARLINK REENTRIES 2020-01-01 to 2025-05-31
44246
45211
44948
44278
44965
45657
44277
44236
44255
44242
44270
44274
44247
44239
44272
44237
44248
44745
44260
44261
44258
44280
44283
44254
44266
44250
44290
44267
44264
44256
44251
44285
44269
44253
44245
45363
44294
44241
44284
44293
44262
44235
44291
44288
44292
44265
44259
44244
44243
44271
44263
44276
45055
46670
46778
46750
44960
45385
45056
44273
46678
45664
46551
44268
45097
44286
44240
47176
44289
44750
44275
46729
48477
45218
45749
44279
45715
45737
47132
47893
46739
46587
46367
48457
44958
45070
45200
46139
46373
44730
46057
45069
46377
46761
46771
48601
45091
47123
46540
46683
46697
47142
46773
46170
46381
47125
44971
44287
46695
46145
44962
46777
47127
44281
46721
44749
44936
47169
46379
45765
47180
47678
45063
46724
46676
46762
46369
44935
44919
45216
47160
48006
48001
49429
46339
46555
44916
47364
47417
47413
47987
44756
44728
46795
48007
45220
47418
47420
50184
47421
47419
46050
45585
47984
48025
48032
47983
48035
48024
48015
48004
45203
47422
47414
47416
47415
44257
47140
46688
47131
47584
46775
46143
48560
51458
51456
51459
51457
46378
51466
46536
44769
51470
45549
47986
47631
45687
45716
47759
44755
46539
52109
46728
47146
45077
46769
47172
46568
52128
46774
52130
52099
46590
52104
52097
47553
48590
47758
47156
46571
46797
47765
47755
44282
45410
46708
45224
50164
47605
47159
48017
46046
47365
45763
44249
53279
47145
53270
47168
45539
53437
47988
45552
45752
46720
45533
53615
53614
47349
53822
53747
45209
53739
44252
45231
44238
53717
53710
53921
53725
53791
53028
53788
53785
53599
46745
45761
47569
52351
55301
46763
46776
44722
55424
45537
47166
44929
55606
47890
47872
55356
46552
55715
44963
54057
55666
48012
46742
55706
45202
44770
51967
45046
47130
56286
55696
44742
45086
51817
45051
45575
55711
44947
46346
56831
55703
46560
47906
46573
55698
56696
56829
44950
47669
45195
55496
56830
44727
45561
55708
45418
56514
57478
57619
44739
55702
44731
55714
45694
47779
55476
47886
44957
47154
57922
45180
44738
57466
51471
47899
56402
44754
45584
45365
46056
46710
45577
46134
46065
45208
45382
45736
45213
51800
44955
44956
58618
52277
44953
58667
52624
48587
46768
48114
47809
45571
45705
57706
46680
44964
45102
50162
57259
58950
46569
45768
46365
48109
44729
52279
59091
44946
48027
47738
54197
46067
49731
51806
45392
58351
56145
48598
49448
56135
57649
48384
48599
48324
48430
47915
48579
54001
48308
44951
44928
47741
48447
49439
58687
46165
50196
47350
46040
46783
48665
48591
48567
48297
53972
50807
56139
46044
47794
48559
52545
48638
54014
48285
53245
46722
59001
59796
58792
46350
48146
46704
45659
46686
51723
59311
55704
55997
46049
45713
48011
54189
53148
46158
45045
48108
47813
45215
55642
46072
54839
48561
53271
45079
46166
51122
47744
45681
60072
60075
47396
60078
60074
60073
60076
60244
48103
47181
45574
60245
48661
48307
51797
56303
55707
50810
55713
55712
55705
55701
47369
45378
55699
55695
47846
51119
44924
47737
45698
45101
47900
48486
45704
46371
47751
57916
45658
45583
48383
55710
45059
44931
49764
46368
59461
59935
45193
45691
48697
48147
48456
48448
59518
47360
55394
45050
59872
55700
46068
45667
48480
45371
48451
45076
44943
54786
44918
57822
55672
55645
44938
45714
53990
55697
48677
45730
45402
46673
48005
45103
48409
58780
53549
47801
44939
47999
54069
47599
51796
48389
48372
45709
59094
55709
58799
48402
48879
47835
58805
45234
52881
45732
47897
46152
50826
45372
44746
46547
45214
45199
45547
58888
56691
45082
45053
60990
48446
49726
46677
52613
47570
57293
45559
54829
59665
47729
44926
57140
55298
45692
50824
60337
59428
45391
47387
50833
44713
47644
45672
60357
49140
59440
46332
46787
44967
44944
46570
45770
46548
55437
48118
59003
46358
46757
59472
45783
46149
45769
59861
52308
58479
49162
53597
47581
45775
58216
45766
45733
55344
58620
45364
46754
45782
45065
48387
44764
47398
45785
54782
45049
52481
52696
52683
47594
45662
47134
49170
53021
61067
45762
56093
50847
49412
50160
45743
48302
48026
55992
47666
51460
46030
48476
51107
50811
53281
52691
52570
46031
47128
52261
53284
51730
45734
53428
52381
53133
53862
47869
45767
51145
53989
53865
47768
47726
53625
47394
47891
46071
51982
57846
45562
48585
52460
57103
53714
47372
47642
56033
52124
51978
45757
54769
47740
47620
48588
46675
47795
52582
46121
48335
47811
47763
53617
48660
48394
48322
48313
52701
48296
47174
54072
57881
54765
48463
48429
47363
48122
46062
51961
48689
44760
47842
47743
47402
47646
47889
53534
46711
53937
47167
47725
47881
45089
47674
52533
56106
48030
47645
47769
48281
47902
47775
47761
47671
47914
47653
52299
47593
56114
45740
47163
47639
47875
45178
47998
47871
46760
47990
46132
47913
47591
52091
47909
47635
47170
48647
45779
45777
47551
55482
46692
45066
47991
47860
46772
47982
46147
46583
46788
47557
47664
47661
48675
47764
47994
47583
47579
47727
50803
48393
46748
48020
58833
47905
46789
46726
46140
48092
52997
47548
47781
47165
47864
46747
46682
44766
53748
46752
45191
45684
46370
47124
58982
46586
44743
46380
47141
46561
46798
48013
47151
47640
47637
47756
45380
47175
47918
47139
46341
46791
47562
46532
47774
47989
45099
47673
47658
46334
47985
44733
44915
47677
46361
47595
48141
46684
52003
47876
48031
47980
46781
47757
46374
47880
47867
47866
46554
44715
46767
47979
45078
47144
47136
59514
46081
45545
47601
46785
46591
45393
46133
45534
45750
59408
47992
47878
47575
46765
55270
48002
47877
45548
46584
53987
57845
57048
45400
53907
46162
59485
57664
46741
55745
46122
46550
57674
46577
47603
45688
47977
46364
47885
47865
47665
47177
46671
47912
47586
45678
47996
53818
46779
56390
56771
58802
47554
53223
47155
47892
55929
47660
45546
47917
47578
53427
47403
47600
55759
55415
59251
44757
44920
47675
52338
47138
46793
46589
45550
55412
47598
45771
44959
47636
45683
48403
46756
47670
47607
45184
57929
46042
44737
46770
48461
48664
55678
52495
59793
48645
44767
47597
47651
48110
58728
47585
47153
46041
45221
55363
59946
46138
44763
58837
45411
47164
47550
45396
46078
45541
46546
59792
47633
48369
56473
55578
45690
49149
45232
48036
56815
53222
55409
45560
46069
44740
45708
46126
59183
53510
53618
49168
48033
49152
51728
47820
55308
45092
48279
48680
54794
46766
45661
49150
46694
45373
55646
57996
44966
59951
48034
44914
47668
55417
52547
47888
53749
53689
46703
59692
47803
46707
47571
45409
45680
45058
47863
47602
44732
48014
47574
46545
46037
56330
46751
44921
53666
55391
59455
48028
59649
44923
45407
56543
45682
45579
46534
45666
53678
46163
47129
46544
58591
46148
47868
51890
48008
45075
45566
56798
45745
54171
47561
52466
46759
53181
63852
47549
49142
47629
53507
59383
58599
46363
47663
49172
48600
55768
57464
44945
