4
8
9
15
18
19
24
25
26
31
32
34
36
43
46
48
49
54
55
57
60
61
63
65
67
68
70
71
77
81
83
84
87
91
95
100
102
108
160
168
170
173
180
181
182
186
189
197
201
206
213
214
215
217
242
247
255
256
266
269
276
281
285
290
292
297
302
304
305
307
308
315
316
338
343
344
345
346
360
361
363
365
367
371
377
381
385
396
422
427
432
433
436
437
441
443
444
445
451
453
481
490
502
504
505
507
508
509
513
517
521
525
527
533
554
562
564
567
569
571
576
578
579
580
586
590
591
594
595
597
598
599
600
601
604
609
612
613
614
618
621
624
632
637
638
641
668
673
674
675
677
681
682
683
687
689
692
693
695
707
711
712
714
718
719
740
748
752
754
757
759
764
766
771
772
779
782
784
786
791
796
797
799
800
802
803
807
811
814
816
822
824
826
828
830
833
836
838
844
846
848
850
851
853
854
855
861
864
867
872
879
880
882
883
884
885
890
898
904
908
911
912
913
914
919
921
922
924
930
931
947
957
961
963
964
968
972
973
980
983
987
1085
1088
1089
1090
1091
1096
1097
1191
1244
1246
1247
1250
1267
1268
1269
1273
1274
1292
1303
1305
1307
1310
1317
1320
1324
1329
1362
1366
1367
1374
1377
1381
1382
1385
1388
1396
1404
1412
1421
1422
1424
1431
1441
1442
1443
1444
1445
1447
1458
1460
1464
1466
1467
1468
1469
1472
1505
1513
1516
1602
1615
1620
1621
1629
1701
1706
1730
1777
1841
1843
1846
1866
1868
1870
1939
1940
1941
1949
1968
1997
1998
2002
2012
2019
2070
2104
2147
2151
2152
2163
2168
2172
2181
2182
2183
2186
2191
2194
2195
2196
2200
2202
2205
2210
2227
2253
2254
2258
2289
2290
2295
2322
2324
2325
2348
2349
2351
2368
2376
2391
2393
2396
2397
2414
2420
2501
2514
2517
2524
2525
2526
2527
2528
2536
2537
2565
2566
2568
2599
2601
2603
2606
2611
2612
2618
2624
2627
2632
2634
2639
2642
2646
2656
2664
2667
2670
2678
2686
2687
2693
2695
2697
2703
2705
2710
2712
2714
2715
2717
2720
2722
2736
2740
2743
2745
2750
2759
2761
2762
2773
2779
2780
2781
2805
2806
2812
2813
2816
2817
2822
2827
2831
2832
2836
2842
2848
2850
2851
2852
2858
2869
2878
2884
2890
2893
2895
2901
2902
2910
2911
2914
2919
2921
2925
2935
2939
2942
2946
2947
2952
2966
2969
2973
2981
2995
3000
3001
3008
3010
3012
3013
3014
3016
3020
3021
3024
3025
3026
3043
3052
3054
3055
3057
3058
3063
3067
3071
3074
3079
3097
3098
3099
3100
3106
3107
3113
3114
3118
3128
3134
3138
3139
3140
3141
3148
3150
3152
3153
3154
3156
3181
3183
3193
3199
3203
3205
3207
3209
3220
3228
3233
3269
3272
3274
3276
3278
3279
3282
3294
3296
3297
3298
3304
3308
3310
3316
3318
3319
3322
3326
3332
3335
3336
3337
3339
3344
3347
3348
3351
3353
3375
3388
3398
3408
3409
3414
3418
3429
3457
3459
3469
3472
3473
3484
3486
3503
3504
3511
3516
3526
3528
3530
3531
3532
3534
3542
3544
3562
3574
3578
3594
3595
3602
3604
3612
3619
3623
3624
3626
3629
3651
3654
3656
3663
3665
3667
3672
3674
3675
3761
3765
3769
3771
3772
3773
3775
3777
3780
3807
3823
3824
3826
3829
3830
3831
3833
3835
3846
3854
3855
3883
3885
3893
3895
3906
3914
3915
3939
3941
3944
3947
3954
3955
3957
3971
3983
3984
3986
3988
3990
3991
3994
4000
4034
4039
4042
4043
4050
4051
4054
4058
4065
4066
4072
4074
4076
4078
4080
4082
4097
4102
4103
4104
4106
4111
4114
4119
4122
4124
4126
4128
4130
4136
4150
4166
4184
4186
4219
4223
4225
4232
4252
4262
4264
4266
4273
4280
4282
4285
4292
4296
4297
4299
4301
4308
4315
4328
4330
4336
4338
4340
4342
4343
4344
4346
4349
4351
4355
4357
4360
4364
4371
4373
4375
4376
4378
4380
4393
4401
4403
4405
4406
4407
4409
4411
4413
4416
4422
4425
4427
4430
4446
4477
4478
4482
4484
4487
4492
4495
4497
4501
4503
4508
4524
4536
4538
4553
4569
4571
4573
4576
4580
4583
4590
4594
4596
4598
4599
4690
4692
4695
4713
4721
4722
4760
4762
4779
4787
4791
4797
4801
4804
4806
4811
4813
4829
4845
4847
4849
4872
4874
4881
4884
4955
4957
4958
4959
4963
4966
5003
5007
5043
5059
5086
5108
5113
5117
5124
5128
5142
5160
5171
5172
5176
5177
5207
5221
5230
5232
5246
5248
5253
5281
5283
5285
5289
5297
5305
5317
5327
5329
5331
5340
5364
5367
5379
5382
5383
5394
5396
5401
5406
5407
5409
5410
5441
5461
5466
5468
5469
5475
5478
5480
5486
5491
5492
5493
5536
5558
5563
5575
5585
5598
5608
5611
5620
5623
5625
5628
5641
5643
5646
5661
5670
5675
5687
5704
5709
5712
5727
5764
5769
5772
5775
5804
5814
5821
5839
5852
5862
5879
5885
5888
5894
5906
5912
5919
5924
5927
5928
5933
5936
5938
5941
5945
6003
6005
6006
6016
6021
6031
6035
6037
6049
6052
6053
6060
6066
6068
6073
6075
6076
6086
6090
6094
6096
6097
6099
6105
6114
6126
6130
6135
6142
6150
6152
6168
6172
6186
6188
6197
6208
6212
6219
6222
6227
6229
6231
6248
6254
6260
6272
6285
6287
6291
6294
6308
6311
6315
6321
6326
6328
6333
6339
6343
6348
6353
6356
6359
6364
6373
6376
6378
6382
6394
6398
6418
6427
6432
6433
6440
6446
6498
6633
6640
6645
6647
6652
6655
6657
6665
6667
6684
6694
6709
6713
6722
6727
6745
6757
6759
6789
6793
6796
6798
6802
6805
6809
6818
6832
6836
6837
6856
6858
6862
6867
6873
6875
6877
6885
6893
6900
6907
6911
6913
6926
6928
6931
6932
6936
6941
6943
6950
6952
6953
6957
6958
6971
6977
6979
6982
6995
7000
7096
7100
7104
7109
7117
7121
7122
7154
7187
7211
7216
7225
7234
7240
7242
7245
7260
7280
7292
7293
7299
7306
7313
7317
7325
7328
7330
7334
7339
7342
7347
7351
7352
7361
7367
7371
7383
7385
7389
7405
7409
7413
7416
7417
7421
7423
7427
7445
7447
7469
7471
7473
7478
7480
7483
7495
7498
7499
7500
7502
7509
7533
7538
7540
7544
7551
7561
7571
7576
7583
7587
7591
7596
7604
7606
7611
7617
7623
7637
7641
7664
7671
7675
7691
7696
7705
7709
7710
7730
7738
7742
7745
7747
7752
7770
7788
7801
7802
7807
7810
7815
7818
7821
7877
7900
7903
7910
7915
7918
7925
7968
7970
7982
7985
7990
8006
8009
8015
8030
8032
8036
8040
8043
8053
8059
8062
8069
8127
8147
8187
8191
8275
8281
8322
8327
8330
8332
8338
8345
8353
8360
8361
8369
8416
8420
8425
8430
8440
8442
8444
8450
8452
8463
8467
8468
8471
8488
8489
8492
8510
8521
8530
8551
8604
8616
8620
8658
8681
8694
8696
8699
8737
8741
8754
8758
8762
8770
8772
8781
8794
8801
8806
8811
8812
8823
8833
8851
8853
8856
8862
8865
8877
8898
8903
8911
8914
8922
8927
8932
8934
9006
9019
9043
9046
9049
9053
9055
9214
9270
9280
9382
9387
9389
9391
9394
9398
9403
9405
9421
9426
9433
9435
9439
9471
9477
9499
9515
9532
9552
9557
9561
9564
9573
9574
9587
9599
9601
9606
9607
9614
9615
9627
9634
9635
9658
9735
9801
9804
9812
9829
9833
9853
9857
9860
9863
9871
9883
9898
9905
9908
9911
9930
9937
9938
9941
9944
10007
10021
10024
10028
10030
10038
10040
10059
10064
10065
10070
10086
10092
10111
10113
10115
10129
10134
10139
10146
10149
10153
10157
10164
10168
10172
10217
10278
10281
10299
10315
10319
10326
10351
10359
10361
10362
10370
10374
10375
10376
10382
10385
10401
10403
10419
10422
10423
10430
10498
10501
10506
10510
10527
10531
10540
10554
10557
10560
10561
10592
10603
10605
10607
10611
10639
10666
10672
10694
10696
10699
10725
10733
10735
10773
10778
10783
10785
10811
10818
10846
10860
10862
10895
10898
10904
10915
10919
10939
10944
10947
10952
10968
10970
10973
10977
10979
10984
10995
10999
11007
11010
11012
11015
11020
11022
11027
11029
11039
11040
11052
11055
11065
11082
11088
11098
11101
11108
11110
11118
11121
11137
11139
11148
11150
11155
11161
11163
11169
11173
11229
11233
11240
11251
11255
11259
11262
11266
11268
11270
11272
11276
11278
11281
11283
11285
11292
11294
11305
11313
11324
11328
11331
11333
11335
11346
11348
11356
11358
11360
11362
11368
11372
11376
11382
11384
11387
11392
11394
11399
11404
11413
11421
11429
11443
11447
11449
11451
11457
11463
11465
11474
11478
11485
11487
11491
11496
11509
11515
11520
11529
11532
11536
11548
11564
11589
11592
11600
11604
11609
11611
11629
11632
11638
11640
11645
11649
11652
11662
11671
11678
11682
11685
11687
11700
11703
11706
11713
11722
11729
11741
11743
11745
11747
11753
11758
11763
11765
11767
11784
11789
11793
11796
11798
11808
11811
11816
11819
11821
11825
11827
11829
11837
11844
11848
11850
11856
11863
11867
11884
11894
11899
11905
11907
11915
11917
11924
11932
11938
11945
11950
11977
11980
11982
11985
11993
11997
12008
12016
12019
12039
12050
12054
12058
12066
12071
12077
12084
12089
12100
12116
12121
12133
12140
12143
12152
12154
12156
12160
12162
12299
12301
12307
12315
12317
12334
12337
12341
12364
12366
12368
12385
12399
12400
12402
12419
12423
12454
12461
12464
12466
12469
12474
12491
12495
12512
12517
12520
12547
12556
12571
12577
12583
12588
12598
12614
12625
12631
12687
12716
12776
12788
12801
12828
12830
12837
12842
12843
12845
12852
12871
12881
12887
12888
12895
12903
12905
12915
12936
12953
12954
12959
12968
12989
12994
13008
13031
13036
13040
13042
13045
13061
13063
13067
13083
13084
13096
13106
13107
13118
13120
13122
13134
13138
13142
13144
13146
13150
13153
13170
13173
13176
13208
13210
13213
13219
13237
13244
13257
13263
13265
13271
13281
13282
13283
13292
13300
13303
13345
13361
13365
13383
13391
13394
13396
13399
13402
13425
13427
13432
13441
13448
13449
13508
13519
13521
13546
13552
13558
13585
13595
13597
13611
13627
13638
13641
13650
13661
13663
13677
13685
13725
13739
13745
13748
13750
13770
13779
13784
13793
13818
13829
13850
13868
13870
13883
13886
13901
13955
13964
13968
13972
13975
14001
14002
14006
14014
14017
14029
14034
14039
14044
14058
14064
14071
14075
14077
14087
14089
14095
14100
14110
14123
14132
14142
14152
14156
14169
14185
14199
14204
14207
14210
14234
14245
14251
14256
14283
14288
14299
14312
14313
14316
14320
14326
14330
14334
14339
14380
14395
14403
14421
14422
14425
14455
14490
14516
14519
14523
14530
14542
14549
14570
14583
14585
14587
14622
14634
14666
14668
14681
14688
14689
14692
14701
14722
14737
14757
14763
14780
14786
14793
14797
14819
14825
14849
14872
14897
14898
14902
14918
14932
14938
14961
14967
14971
14982
14993
14996
15009
15011
15027
15034
15036
15046
15051
15060
15070
15080
15090
15119
15121
15123
15131
15136
15142
15147
15158
15163
15167
15182
15193
15197
15200
15201
15232
15234
15257
15279
15287
15318
15324
15326
15345
15353
15354
15382
15383
15393
15395
15403
15406
15414
15446
15467
15476
15479
15492
15494
15496
15514
15582
15584
15589
15592
15629
15634
15636
15641
15642
15643
15645
15653
15655
15659
15661
15665
15666
15694
15732
15734
15804
15806
15808
15818
15823
15831
15833
15838
15840
15860
15873
15875
15877
15891
15906
15909
15918
15925
15929
15931
15940
15942
15944
15959
15977
15992
15997
15999
16018
16051
16054
16056
16088
16095
16097
16101
16107
16110
16112
16115
16169
16177
16187
16198
16220
16230
16231
16235
16247
16261
16273
16274
16277
16296
16306
16328
16329
16331
16429
16434
16447
16481
16490
16495
16512
16540
16589
16609
16618
16620
16643
16645
16648
16677
16679
16683
16687
16717
16722
16724
16737
16745
16748
16767
16772
16800
16802
16861
16863
16883
16885
16890
16895
16897
16918
16920
16922
16926
16928
16934
16937
16966
16993
17001
17003
17031
17038
17042
17044
17050
17054
17056
17068
17134
17179
17217
17262
17264
17292
17297
17299
17326
17365
17480
17482
17484
17523
17533
17559
17564
17566
17577
17845
17847
17849
17851
17876
17878
17880
17902
17903
17904
17907
17940
17975
17999
18004
18011
18017
18083
18155
18162
18184
18192
18222
18225
18242
18259
18283
18306
18314
18318
18326
18341
18343
18348
18351
18366
18376
18380
18394
18396
18432
18491
18535
18568
18625
18666
18668
18699
18711
18713
18720
18723
18795
18809
18823
18847
18860
18875
18931
18980
18985
18992
19011
19013
19015
19041
19043
19045
19079
19115
19117
19121
19123
19131
19189
19193
19197
19204
19206
19216
19217
19225
19236
19258
19263
19276
19320
19322
19331
19338
19368
19372
19377
19384
19412
19414
19443
19445
19462
19464
19484
19486
19488
19495
19519
19521
19541
19547
19582
19612
19647
19651
19660
19662
19670
19672
19705
19713
19720
19728
19730
19734
19756
19758
19774
19783
19792
19796
19800
19818
19822
19862
19882
19893
19895
19900
19911
19923
19938
19941
19968
19972
19986
20000
20006
20035
20052
20056
20060
20064
20073
20095
20105
20124
20134
20136
20145
20147
20151
20160
20161
20164
20175
20188
20191
20193
20218
20222
20242
20244
20255
20259
20279
20292
20297
20315
20320
20329
20334
20335
20338
20350
20352
20373
20389
20401
20409
20410
20426
20444
20457
20476
20494
20496
20497
20512
20513
20523
20525
20529
20540
20546
20566
20568
20573
20579
20580
20581
20583
20602
20604
20615
20632
20635
20638
20646
20657
20667
20683
20685
20687
20702
20722
20732
20742
20762
20765
20767
20776
20777
20779
20789
20790
20794
20813
20824
20828
20838
20841
20872
20873
20909
20918
20933
20935
20936
20941
20949
20966
20980
20981
20985
21000
21026
21035
21053
21056
21059
21065
21092
21116
21143
21149
21188
21190
21203
21213
21224
21225
21227
21242
21244
21311
21313
21315
21395
21399
21524
21553
21558
21560
21580
21581
21582
21583
21584
21585
21586
21611
21630
21638
21653
21662
21664
21694
21700
21701
21713
21735
21737
21741
21743
21746
21765
21787
21795
21803
21814
21816
21844
21846
21847
21851
21867
21894
21897
21906
21908
21915
21920
21928
21940
21946
21951
21953
21963
21968
21973
21987
21989
21998
22000
22004
22012
22017
22028
22049
22052
22054
22062
22064
22065
22068
22072
22090
22093
22099
22100
22120
22133
22162
22173
22189
22194
22203
22205
22214
22217
22226
22229
22238
22255
22259
22260
22278
22280
22300
22309
22313
22317
22319
22521
22530
22585
22588
22592
22594
22621
22623
22633
22640
22641
22643
22663
22666
22675
22684
22694
22696
22704
22709
22716
22721
22729
22741
22745
22777
22789
22795
22798
22808
22859
22867
22869
22870
22871
22875
22904
22911
22957
22973
22975
22977
22978
22990
22991
22994
22995
22998
23009
23016
23019
23025
23033
23035
23042
23095
23099
23101
23114
23119
23122
23124
23126
23139
23145
23173
23182
23187
23191
23211
23215
23218
23249
23251
23253
23285
23288
23305
23313
23333
23336
23340
23341
23348
23453
23461
23469
23470
23471
23472
23474
23475
23477
23497
23500
23501
23519
23521
23528
23530
23537
23549
23555
23558
23560
23571
23579
23584
23596
23600
23601
23612
23617
23632
23646
23665
23667
23668
23669
23670
23672
23674
23676
23678
23688
23714
23744
23748
23754
23757
23762
23763
23768
23794
23798
23801
23805
23816
23818
23831
23839
23848
23853
23857
23860
23868
23870
23871
23872
23876
23877
23915
23931
24071
24273
24280
24282
24291
24307
24313
24324
24634
24640
24645
24660
24661
24662
24663
24665
24670
24674
24701
24711
24717
24719
24742
24744
24755
24757
24779
24792
24794
24804
24805
24819
24837
24838
24839
24840
24846
24849
24851
24869
24872
24873
24886
24889
24890
24891
24904
24905
24906
24909
24931
24945
24946
24947
24949
24950
24957
24958
24964
24965
24966
24968
24969
25002
25006
25013
25017
25039
25040
25041
25049
25059
25061
25062
25063
25064
25086
25088
25095
25100
25102
25106
25107
25108
25110
25121
25123
25126
25134
25143
25146
25153
25167
25169
25170
25171
25172
25173
25233
25234
25237
25239
25256
25263
25272
25274
25275
25276
25285
25287
25288
25289
25290
25291
25297
25340
25342
25343
25345
25346
25354
25356
25371
25373
25376
25379
25383
25389
25390
25417
25424
25429
25431
25432
25468
25469
25470
25471
25491
25495
25512
25515
25519
25521
25527
25528
25529
25530
25531
25533
25544
25546
25549
25550
25551
25558
25577
25578
25616
25632
25639
25646
25664
25673
25685
25721
25722
25730
25735
25736
25760
25769
25777
25778
25858
25866
25889
25894
25902
25913
25929
25956
25984
25996
26038
26040
26056
26062
26067
26071
26088
26102
26107
26116
26243
26298
26301
26354
26368
26369
26400
26404
26405
26406
26411
26414
26461
26476
26481
26487
26489
26538
26552
26563
26570
26603
26615
26617
26630
26631
26640
26664
26687
26688
26695
26698
26713
26718
26719
26747
26749
26773
26775
26824
26859
26862
26863
26864
26867
26873
26888
26889
26890
26904
26908
26927
26929
26953
26955
26959
26970
26983
26985
26995
26996
27053
27370
27372
27373
27374
27375
27376
27378
27382
27388
27391
27392
27394
27395
27397
27408
27409
27413
27416
27426
27440
27445
27450
27451
27454
27457
27499
27508
27515
27528
27531
27537
27540
27550
27552
27554
27556
27557
27562
27613
27630
27634
27642
27647
27681
27699
27707
27715
27781
27815
27816
27823
27834
27838
27841
27843
27849
27856
27871
27873
27948
27949
27954
28043
28049
28052
28078
28098
28140
28142
28163
28184
28187
28228
28238
28261
28350
28396
28399
28402
28424
28444
28485
28503
28505
28507
28542
28547
28624
28640
28642
28659
28686
28700
28773
28775
28776
28790
28822
28824
28841
28866
28871
28877
28879
28883
28884
28896
28906
28933
28935
28939
28941
28943
28996
29057
29111
29155
29157
29162
29236
29245
29247
29251
29260
29270
29385
29391
29393
29400
29402
29484
29494
29496
29503
29643
29647
29653
29655
29660
29661
29662
29664
29667
29668
29710
29711
29712
29714
30581
30582
30772
30773
30774
30775
30776
30777
30794
31100
31135
31136
31140
31304
31393
31595
31600
31862
32001
32008
32058
32249
32256
32268
32272
32273
32294
32391
32484
32486
32686
32699
32708
32729
32756
32765
32788
32789
32847
32960
33051
33055
33207
33340
33386
33392
33394
33399
33401
33405
33439
33441
33443
33445
33447
33456
33459
33460
33493
33506
33593
33750
34380
34541
34602
34669
34710
34807
34808
34871
34905
34933
35001
35002
35003
35004
35005
35008
35010
35633
35641
35681
35690
35693
35694
35755
35811
35817
35867
35870
35871
35940
35948
36032
36086
36094
36101
36119
36124
36129
36131
36361
36394
36411
36499
36505
36507
36511
36516
36521
36572
36573
36574
36575
36581
36595
36603
36748
36985
37156
37158
37170
37174
37183
37196
37244
37245
37246
37247
37248
37249
37250
37251
37252
37254
37258
37264
37351
37359
37362
37368
37371
37382
37396
37577
37633
37675
37679
37726
37728
37736
37748
37752
37755
37772
37773
37798
37801
37802
37809
37816
37820
37826
37836
37838
37851
37852
37853
37854
37855
37857
37859
37872
37874
37877
37883
37936
37941
38036
38047
38051
38073
38075
38078
38079
38080
38081
38082
38083
38084
38085
38087
38096
38222
38258
38291
38335
38339
38348
38461
38550
38671
38706
38707
38708
38709
38710
38738
38744
38751
38752
38753
38768
38846
38847
38852
38853
38854
38855
38856
38871
38975
38997
38998
38999
39026
39032
39034
39062
39068
39082
39115
39122
39125
39130
39131
39134
39135
39136
39142
39143
39144
39145
39146
39148
39163
39170
39172
39175
39179
39186
39193
39194
39219
39221
39233
39246
39258
39262
39263
39271
39363
39370
39373
39380
39381
39382
39383
39384
39385
39386
39387
39388
39389
39390
39391
39392
39393
39394
39395
39396
39397
39398
39399
39400
39401
39402
39403
39404
39405
39406
39407
39408
39412
39413
39414
39415
39434
39436
39437
39443
39456
39463
39465
39466
39468
39502
39506
39512
39513
39514
39515
39518
39519
39520
39521
39525
39526
39527
39528
39529
39530
39531
39532
39555
39556
39557
39558
39559
39560
39561
39562
39563
39564
39565
39566
39567
39568
39569
39570
39571
39572
39573
39575
39576
39577
39578
39579
39616
39617
39622
39648
39680
39681
39682
39683
39684
39685
39732
39770
39775
40013
40023
40026
40027
40029
40033
40035
40036
40038
40040
40041
40053
40084
40095
40097
40103
40117
40122
40123
40124
40125
40126
40127
40131
40132
40133
40134
40139
40140
40144
40210
40246
40283
40292
40299
40300
40301
40302
40305
40311
40312
40314
40329
40333
40353
40360
40370
40377
40378
40379
40380
40387
40389
40392
40422
40423
40427
40428
40429
40430
40451
40452
40453
40454
40455
40456
40457
40458
40459
40460
40482
40483
40484
40485
40542
40588
40619
40659
40660
40663
40667
40713
40722
40723
40724
40725
40726
40727
40728
40729
40736
40737
40738
40739
40740
40741
40742
40743
40744
40873
40885
40897
40898
40900
40901
40902
40903
40906
40907
40909
40910
40911
40912
40925
40926
40927
40928
40936
40944
40948
40949
40950
40951
40952
40953
40954
40955
40956
40957
40962
40963
40979
40980
41043
41098
41101
41124
41168
41170
41171
41177
41313
41314
41332
41386
41391
41393
41436
41448
41452
41455
41458
41459
41460
41461
41463
41464
41465
41466
41474
41475
41476
41477
41478
41479
41480
41481
41482
41483
41484
41485
41486
41487
41488
41489
41490
41557
41558
41563
41564
41565
41566
41567
41568
41569
41570
41571
41572
41573
41574
41575
41576
41577
41578
41595
41596
41597
41598
41600
41602
41606
41607
41608
41609
41610
41611
41612
41613
41614
41615
41616
41617
41618
41619
41625
41627
41629
41636
41637
41639
41670
41672
41732
41733
41761
41762
41763
41764
41765
41769
41776
41777
41782
41788
41812
41818
41820
41834
41842
41843
41844
41845
41848
41864
41868
41871
41872
41873
41874
41881
41889
41895
41907
41908
41909
41913
41930
41931
41932
41933
41934
41935
41936
41939
41949
41950
41951
41952
41953
41954
41955
41956
41957
41958
41959
41960
41961
41962
41963
41964
41965
41966
41967
41968
41969
41970
41971
41972
41973
41974
41975
41976
41977
41978
41979
41980
41981
41982
41983
41984
41985
41986
41987
41988
41989
41990
41991
41992
41993
41994
41995
41996
41997
41998
41999
42000
42001
42002
42003
42004
42005
42006
42007
42008
42009
42010
42011
42012
42013
42014
42015
42016
42017
42018
42019
42020
42021
42022
42023
42024
42025
42026
42027
42028
42029
42030
42031
42032
42033
42034
42035
42036
42037
42038
42039
42040
42041
42042
42043
42044
42045
42046
42047
42048
42049
42050
42051
42053
42056
42059
42061
42066
42067
42068
42069
42681
42682
42684
42700
42701
42702
42703
42704
42705
42706
42707
42708
42711
42712
42713
42714
42715
42716
42717
42718
42721
42722
42723
42724
42725
42726
42727
42728
42729
42730
42731
42732
42733
42734
42735
42736
42737
42744
42752
42753
42754
42755
42756
42765
42766
42768
42769
42770
42771
42772
42773
42774
42775
42776
42777
42778
42779
42780
42781
42782
42783
42784
42785
42786
42787
42788
42789
42790
42791
42792
42793
42795
42798
42820
42821
42822
42823
42824
42829
42850
42851
42852
42853
42854
42855
42856
42857
42858
42859
42860
42861
42862
42863
42864
42865
42866
42867
42868
42869
42870
42871
42872
42873
42874
42875
42876
42877
42878
42879
42880
42881
42882
42883
42884
42885
42886
42887
42888
42889
42890
42891
42892
42893
42894
42895
42896
42897
42898
42903
42904
42910
42911
42912
42913
42914
42919
42928
42937
42971
42982
42983
42995
42996
42997
42998
43006
43014
43019
43020
43021
43026
43027
43041
43042
43043
43044
43045
43046
43047
43048
43049
43050
43051
43052
43053
43054
43060
43063
43066
43100
43114
43115
43118
43119
43120
43121
43122
43123
43124
43125
43126
43127
43128
43130
43131
43132
43137
43138
43139
43140
43141
43142
43143
43144
43155
43156
43157
43158
43163
43165
43167
43168
43175
43192
43195
43196
43197
43199
43201
43204
43205
43211
43216
43217
43238
43243
43267
43435
43439
43442
43443
43458
43466
43467
43468
43470
43471
43472
43474
43493
43510
43519
43522
43537
43546
43547
43548
43549
43550
43552
43556
43557
43558
43559
43560
43561
43591
43595
43596
43600
43614
43615
43616
43617
43621
43630
43640
43680
43690
43692
43693
43694
43695
43696
43697
43702
43704
43712
43713
43720
43721
43722
43723
43724
43725
43726
43727
43728
43729
43730
43731
43732
43733
43734
43735
43736
43737
43740
43741
43742
43743
43744
43745
43746
43747
43748
43749
43750
43756
43777
43785
43791
43795
43800
43814
43817
43818
43827
43831
43833
43845
43849
43852
43855
43856
43857
43860
43861
43882
43883
43884
43885
43886
43887
43888
43889
43892
43893
43894
43895
43896
43901
43902
43903
43904
43905
43906
43907
43908
43932
43933
43934
43935
43937
43938
43940
43942
43944
43947
43948
44029
44030
44031
44032
44033
44044
44045
44046
44049
44063
44069
44073
44079
44080
44081
44082
44083
44084
44085
44086
44087
44088
44089
44090
44091
44092
44093
44094
44095
44096
44097
44098
44099
44100
44101
44102
44103
44105
44108
44109
44110
44188
44222
44225
44226
44229
44235
44236
44237
44238
44239
44240
44241
44242
44243
44244
44245
44246
44247
44248
44249
44250
44251
44252
44253
44254
44255
44256
44257
44258
44259
44260
44261
44262
44263
44264
44265
44266
44267
44268
44269
44270
44271
44272
44273
44274
44275
44276
44277
44278
44279
44280
44281
44282
44283
44284
44285
44286
44287
44288
44289
44290
44291
44292
44293
44294
44329
44330
44331
44332
44342
44346
44347
44348
44352
44354
44355
44356
44359
44360
44364
44365
44366
44367
44369
44370
44371
44374
44376
44385
44386
44387
44391
44392
44393
44396
44399
44400
44402
44403
44404
44405
44406
44407
44409
44410
44411
44412
44413
44414
44415
44416
44417
44418
44419
44420
44422
44423
44426
44427
44428
44429
44430
44431
44437
44441
44443
44446
44455
44482
44484
44485
44497
44498
44504
44516
44519
44533
44546
44547
44550
44625
44701
44704
44705
44706
44713
44715
44722
44727
44728
44729
44730
44731
44732
44733
44737
44738
44739
44740
44742
44743
44745
44746
44749
44750
44754
44755
44756
44757
44760
44763
44764
44766
44767
44769
44770
44790
44791
44792
44797
44806
44807
44808
44809
44810
44811
44812
44813
44814
44815
44816
44817
44818
44821
44824
44827
44828
44829
44830
44832
44833
44835
44852
44853
44855
44856
44860
44861
44863
44875
44877
44900
44914
44915
44916
44918
44919
44920
44921
44923
44924
44926
44928
44929
44931
44935
44936
44938
44939
44943
44944
44945
44946
44947
44948
44950
44951
44953
44955
44956
44957
44958
44959
44960
44962
44963
44964
44965
44966
44967
44971
45017
45018
45019
45043
45045
45046
45049
45050
45051
45053
45055
45056
45058
45059
45063
45065
45066
45069
45070
45075
45076
45077
45078
45079
45082
45086
45089
45091
45092
45097
45099
45101
45102
45103
45113
45114
45115
45116
45117
45118
45119
45120
45121
45122
45126
45174
45175
45178
45180
45184
45191
45193
45195
45199
45200
45202
45203
45208
45209
45211
45213
45214
45215
45216
45218
45220
45221
45224
45231
45232
45234
45249
45250
45251
45253
45256
45258
45260
45261
45262
45263
45264
45341
45363
45364
45365
45371
45372
45373
45378
45380
45382
45385
45391
45392
45393
45396
45400
45402
45407
45409
45410
45411
45418
45464
45476
45528
45529
45533
45534
45537
45539
45541
45545
45546
45547
45548
45549
45550
45552
45559
45560
45561
45562
45566
45571
45574
45575
45577
45579
45583
45584
45585
45595
45597
45598
45599
45600
45605
45607
45612
45623
45624
45657
45658
45659
45661
45662
45664
45666
45667
45672
45678
45680
45681
45682
45683
45684
45687
45688
45690
45691
45692
45694
45698
45704
45705
45708
45709
45713
45714
45715
45716
45730
45732
45733
45734
45736
45737
45740
45743
45745
45749
45750
45752
45757
45761
45762
45763
45765
45766
45767
45768
45769
45770
45771
45775
45777
45779
45782
45783
45785
45788
45789
45790
45795
45796
45800
45809
45857
45916
45917
45918
45937
45940
45941
45983
46026
46030
46031
46037
46040
46041
46042
46044
46046
46049
46050
46056
46057
46062
46065
46067
46068
46069
46071
46072
46078
46081
46088
46089
46113
46118
46121
46122
46126
46132
46133
46134
46138
46139
46140
46143
46145
46147
46148
46149
46152
46158
46162
46163
46165
46166
46170
46179
46180
46233
46234
46235
46268
46269
46272
46273
46279
46280
46281
46282
46283
46284
46285
46286
46287
46288
46289
46290
46291
46295
46296
46297
46298
46299
46300
46301
46302
46303
46304
46305
46306
46307
46308
46309
46310
46311
46312
46313
46314
46315
46316
46317
46318
46319
46321
46322
46332
46334
46339
46341
46346
46350
46358
46361
46363
46364
46365
46367
46368
46369
46370
46371
46373
46374
46377
46378
46379
46380
46381
46389
46489
46490
46491
46492
46498
46500
46501
46502
46503
46527
46528
46529
46530
46532
46534
46536
46539
46540
46544
46545
46546
46547
46548
46550
46551
46552
46554
46555
46560
46561
46568
46569
46570
46571
46573
46577
46583
46584
46586
46587
46589
46590
46591
46596
46597
46609
46612
46613
46670
46671
46673
46675
46676
46677
46678
46680
46682
46683
46684
46686
46688
46692
46694
46695
46697
46703
46704
46707
46708
46710
46711
46720
46721
46722
46724
46726
46728
46729
46735
46737
46738
46739
46741
46742
46745
46747
46748
46750
46751
46752
46754
46756
46757
46759
46760
46761
46762
46763
46765
46766
46767
46768
46769
46770
46771
46772
46773
46774
46775
46776
46777
46778
46779
46781
46783
46785
46787
46788
46789
46791
46793
46795
46797
46798
46812
46813
46814
46815
46816
46817
46819
46820
46821
46822
46825
46827
46828
46829
46830
46831
46832
46833
46835
46836
46840
46904
46908
46909
46910
46911
46920
46921
46922
46923
46925
46926
46927
46928
46931
46932
46933
46934
46935
46936
46937
46938
46939
46940
46941
46942
46943
46944
46945
46946
46947
46948
46949
46950
46951
46952
46953
46954
46956
46957
46958
46959
46960
47097
47123
47124
47125
47127
47128
47129
47130
47131
47132
47134
47136
47138
47139
47140
47141
47142
47144
47145
47146
47151
47153
47154
47155
47156
47159
47160
47163
47164
47165
47166
47167
47168
47169
47170
47172
47174
47175
47176
47177
47180
47181
47233
47253
47296
47297
47299
47300
47309
47310
47311
47313
47314
47319
47345
47349
47350
47360
47363
47364
47365
47369
47372
47387
47394
47396
47398
47402
47403
47413
47414
47415
47416
47417
47418
47419
47420
47421
47422
47425
47426
47427
47428
47429
47431
47432
47433
47434
47438
47439
47440
47442
47443
47444
47446
47447
47449
47450
47451
47452
47453
47454
47455
47456
47457
47458
47459
47460
47461
47462
47464
47465
47466
47468
47469
47470
47471
47472
47473
47474
47475
47476
47477
47478
47479
47480
47481
47482
47483
47484
47485
47488
47489
47490
47491
47492
47493
47494
47495
47496
47497
47498
47499
47500
47501
47503
47506
47507
47511
47512
47514
47515
47516
47518
47520
47521
47522
47523
47525
47526
47527
47528
47529
47530
47531
47538
47539
47540
47541
47542
47543
47544
47545
47548
47549
47550
47551
47553
47554
47557
47561
47562
47564
47569
47570
47571
47574
47575
47578
47579
47581
47583
47584
47585
47586
47591
47593
47594
47595
47597
47598
47599
47600
47601
47602
47603
47605
47607
47612
47615
47616
47617
47618
47620
47629
47631
47633
47635
47636
47637
47639
47640
47642
47644
47645
47646
47651
47653
47658
47660
47661
47663
47664
47665
47666
47668
47669
47670
47671
47673
47674
47675
47677
47678
47684
47685
47686
47687
47688
47689
47698
47701
47702
47703
47704
47705
47706
47707
47708
47709
47710
47711
47712
47714
47715
47721
47725
47726
47727
47729
47737
47738
47740
47741
47743
47744
47751
47755
47756
47757
47758
47759
47761
47763
47764
47765
47768
47769
47774
47775
47779
47781
47794
47795
47801
47803
47809
47811
47813
47820
47835
47842
47846
47860
47863
47864
47865
47866
47867
47868
47869
47871
47872
47875
47876
47877
47878
47880
47881
47885
47886
47888
47889
47890
47891
47892
47893
47897
47899
47900
47902
47905
47906
47909
47912
47913
47914
47915
47917
47918
47925
47927
47928
47929
47930
47931
47936
47940
47942
47948
47949
47955
47956
47957
47961
47963
47964
47965
47966
47967
47968
47969
47972
47973
47976
47977
47979
47980
47982
47983
47984
47985
47986
47987
47988
47989
47990
47991
47992
47994
47996
47998
47999
48001
48002
48003
48004
48005
48006
48007
48008
48011
48012
48013
48014
48015
48017
48020
48024
48025
48026
48027
48028
48030
48031
48032
48033
48034
48035
48036
48041
48082
48083
48084
48085
48092
48103
48108
48109
48110
48114
48118
48122
48141
48146
48147
48156
48159
48209
48279
48281
48285
48296
48297
48302
48307
48308
48313
48322
48324
48332
48335
48369
48372
48383
48384
48387
48389
48393
48394
48402
48403
48409
48429
48430
48446
48447
48448
48451
48456
48457
48461
48463
48476
48477
48480
48486
48559
48560
48561
48567
48579
48585
48587
48588
48590
48591
48598
48599
48600
48601
48605
48619
48620
48626
48627
48628
48629
48630
48631
48632
48633
48634
48635
48636
48637
48638
48645
48647
48660
48661
48664
48665
48675
48677
48680
48689
48697
48803
48831
48844
48850
48851
48852
48867
48868
48869
48872
48873
48874
48875
48877
48878
48879
48882
48883
48884
48885
48886
48887
48888
48889
48890
48891
48893
48894
48895
48896
48897
48898
48899
48901
48902
48903
48904
48905
48906
48910
48912
48913
48914
48919
48920
48921
48922
48923
48925
48926
48927
48928
48929
48930
48932
48933
48934
48935
48936
48937
48938
48939
48940
48941
48942
48943
48944
48945
48946
48947
48949
48950
48952
48959
48961
48962
48966
48969
48983
49013
49014
49015
49016
49017
49044
49064
49066
49067
49068
49117
49127
49140
49142
49149
49150
49152
49162
49168
49170
49172
49220
49221
49222
49269
49272
49273
49274
49275
49276
49277
49278
49314
49326
49328
49330
49379
49395
49407
49412
49429
49439
49448
49470
49494
49497
49499
49726
49731
49764
49813
49815
49816
49922
50160
50162
50164
50184
50196
50318
50463
50505
50803
50807
50810
50811
50824
50826
50833
50847
50984
50985
50986
50987
50988
50989
50990
50991
50992
50994
50995
50996
50997
50998
50999
51000
51001
51002
51003
51004
51005
51006
51007
51008
51009
51010
51011
51012
51013
51014
51015
51016
51017
51018
51020
51021
51022
51023
51024
51025
51026
51027
51028
51029
51031
51032
51034
51035
51036
51037
51038
51039
51040
51041
51042
51043
51045
51046
51047
51048
51049
51050
51051
51052
51054
51055
51056
51058
51059
51062
51063
51064
51065
51066
51069
51071
51072
51074
51075
51077
51078
51079
51080
51081
51084
51086
51087
51088
51089
51095
51097
51098
51099
51100
51107
51119
51122
51145
51288
51439
51442
51443
51460
51466
51470
51471
51509
51510
51658
51660
51712
51723
51728
51730
51796
51797
51800
51806
51817
51890
51954
51961
51967
51978
51982
52003
52008
52009
52010
52011
52012
52013
52014
52015
52016
52017
52018
52019
52020
52021
52022
52023
52024
52025
52026
52027
52028
52029
52086
52091
52097
52099
52104
52109
52124
52128
52130
52147
52148
52160
52163
52164
52166
52168
52169
52172
52173
52175
52176
52177
52178
52179
52180
52181
52182
52183
52185
52186
52187
52188
52189
52190
52191
52192
52193
52194
52197
52204
52260
52261
52277
52279
52299
52308
52318
52330
52338
52351
52381
52394
52395
52396
52397
52398
52399
52400
52401
52402
52403
52404
52405
52406
52407
52408
52409
52410
52411
52412
52413
52414
52415
52416
52417
52418
52419
52420
52422
52460
52466
52481
52495
52509
52533
52545
52547
52558
52570
52582
52613
52624
52683
52691
52696
52701
52715
52732
52733
52734
52735
52736
52738
52740
52741
52742
52745
52748
52749
52753
52755
52758
52767
52768
52769
52772
52773
52774
52776
52777
52778
52779
52795
52797
52881
52901
52909
52914
52916
52917
52938
52944
52945
52947
52948
52949
52950
52951
52997
53021
53028
53113
53133
53148
53181
53222
53223
53239
53245
53270
53271
53279
53281
53284
53306
53307
53308
53309
53310
53311
53312
53313
53314
53321
53322
53357
53365
53427
53428
53437
53462
53463
53464
53507
53510
53534
53549
53597
53599
53614
53615
53617
53618
53625
53666
53678
53689
53710
53714
53717
53725
53739
53747
53748
53749
53767
53768
53769
53770
53771
53785
53788
53791
53818
53822
53862
53865
53879
53907
53921
53937
53946
53951
53955
53963
53972
53987
53989
53990
54001
54014
54050
54057
54069
54072
54110
54155
54171
54189
54197
54216
54232
54237
54247
54257
54363
54364
54365
54366
54368
54371
54379
54534
54535
54536
54537
54681
54704
54765
54769
54782
54786
54794
54816
54829
54839
55013
55014
55017
55018
55026
55030
55033
55035
55037
55038
55039
55044
55050
55052
55055
55059
55067
55069
55071
55072
55073
55075
55087
55088
55089
55091
55092
55094
55095
55096
55097
55098
55099
55100
55101
55102
55105
55106
55107
55123
55124
55125
55126
55127
55128
55129
55130
55181
55182
55183
55242
55270
55298
55301
55308
55344
55356
55363
55391
55394
55409
55412
55415
55417
55424
55437
55441
55446
55476
55482
55496
55560
55562
55563
55564
55578
55606
55642
55645
55646
55666
55672
55678
55685
55688
55695
55696
55697
55698
55699
55700
55701
55702
55703
55704
55705
55706
55707
55708
55709
55710
55711
55712
55713
55714
55715
55740
55745
55759
55768
55860
55909
55910
55929
55953
55992
55997
56033
56091
56093
56106
56114
56135
56139
56145
56172
56180
56181
56182
56184
56187
56188
56190
56194
56196
56198
56199
56206
56207
56208
56211
56212
56213
56214
56215
56216
56219
56220
56221
56222
56223
56224
56227
56228
56286
56303
56311
56312
56313
56314
56315
56316
56330
56390
56402
56446
56473
56514
56543
56691
56696
56739
56740
56761
56771
56798
56815
56829
56830
56831
56845
56873
56932
56935
56936
56937
56938
56940
56944
56947
56951
56959
56967
56969
56971
56972
56973
56974
56975
56976
56977
56978
56979
56980
56981
56982
56983
56984
56985
56986
56987
56988
56990
56991
56992
56993
57048
57103
57140
57209
57259
57293
57311
57316
57320
57419
57420
57464
57466
57478
57487
57488
57619
57649
57664
57674
57691
57697
57706
57754
57770
57803
57822
57845
57846
57861
57862
57881
57916
57922
57929
57962
57996
58013
58014
58049
58146
58173
58198
58216
58255
58260
58263
58278
58279
58288
58293
58305
58310
58312
58314
58324
58325
58330
58332
58333
58335
58337
58338
58339
58343
58344
58345
58351
58460
58479
58553
58554
58563
58564
58566
58567
58569
58572
58573
58591
58599
58612
58613
58616
58618
58620
58642
58667
58687
58690
58697
58728
58751
58780
58792
58799
58802
58805
58811
58815
58816
58833
58837
58888
58898
58950
58954
58961
58963
58982
58988
59001
59003
59091
59094
59097
59108
59115
59116
59118
59137
59141
59145
59183
59228
59251
59287
59294
59311
59383
59408
59428
59440
59455
59461
59472
59477
59485
59514
59518
59562
59563
59624
59629
59649
59665
59677
59692
59792
59793
59796
59861
59872
59913
59935
59946
59951
59968
60058
60072
60073
60074
60075
60076
60078
60181
60244
60245
60337
60357
60378
60450
60952
60956
60957
60990
61042
61043
61067
61444
61447
61501
61502
61507
61683
61791
61983
62030
62262
62295
62299
62389
62460
62461
62662
62716
62717
63099
63100
63101
63102
63129
63204
63224
63427
63520
63628
63632
63852
