STARLINK REENTRIES 2020-01-01 to 2025-05-31
44246
45211
44948
44278
44965
45657
44236
44277
44255
44242
44270
44274
44247
44239
44237
44272
44248
44745
44260
44261
44258
44280
44283
44254
44250
44266
44264
44256
44251
44290
44267
44285
44253
44269
44245
45363
44241
44294
44284
44262
44293
44235
44291
44288
44292
44259
44244
44243
44265
44271
44263
44276
45055
46670
46778
46750
44960
45385
45056
44273
46678
45664
46551
44268
45097
44286
44240
47176
44289
44750
44275
46729
48477
45218
45749
44279
45715
45737
47132
47893
46739
46587
46367
48457
44958
45070
45200
46139
44730
46373
46057
45069
46377
46761
46771
48601
45091
47123
46540
46683
46697
46773
47142
46170
46381
47125
44971
44287
46695
44962
46145
46777
46721
47127
44281
44749
44936
47169
46379
45765
47180
47678
45063
46724
46676
46762
44935
44919
46369
45216
48006
48001
47160
49429
46339
46555
44916
47364
47417
47413
44756
44728
46795
48007
47987
45220
47418
47420
50184
47421
47419
46050
45585
48025
47984
48032
48035
48024
48015
48004
47983
45203
47422
47414
47416
47415
44257
47140
47584
46775
46688
47131
48560
46143
51458
51456
51459
51457
51466
46378
46536
44769
51470
45549
47986
45687
47631
45716
47759
44755
46539
52109
46728
47146
46769
45077
47172
46568
46774
52128
46590
52130
52099
52104
52097
47553
48590
47758
47156
46571
46797
47765
47755
44282
45410
46708
45224
50164
47605
47159
48017
46046
47365
45763
44249
53279
47145
53270
47168
45539
53437
47988
45552
45752
46720
45533
53615
53614
47349
53747
53822
45209
53739
44252
45231
44238
53717
53710
53921
53725
53791
53028
53788
53785
53599
46745
45761
47569
52351
55301
46763
46776
44722
55424
45537
47166
44929
55606
47890
47872
55356
46552
55715
44963
54057
48012
55666
46742
55706
45202
44770
51967
45046
47130
56286
55696
44742
45086
51817
45051
45575
55711
44947
46346
56831
55703
46560
46573
47906
55698
56829
56696
44950
47669
45195
55496
56830
44727
45561
55708
45418
56514
57478
57619
44739
55702
44731
55714
45694
47779
55476
47886
44957
57922
47154
45180
44738
51471
57466
47899
56402
44754
45584
46056
45365
46710
45577
46065
46134
45208
45382
45736
45213
44955
51800
44956
44953
52277
58667
52624
48587
46768
48114
47809
45571
45705
57706
46680
44964
45102
50162
57259
58950
46569
45768
48109
46365
44729
52279
59091
44946
48027
47738
54197
46067
49731
51806
58351
45392
48598
56145
56135
49448
57649
48384
48599
48324
48579
54001
48308
44951
44928
47741
48430
47915
48447
49439
58687
47350
46040
46783
46165
50196
48591
48567
48297
48665
53972
56139
46044
47794
48559
50807
48638
54014
48285
52545
53245
46722
59001
59796
58792
46350
48146
51723
46704
45659
46686
59311
55704
46049
45713
48011
55997
48108
47813
54189
53148
46158
45045
45215
46072
54839
48561
55642
53271
45079
51122
47744
46166
45681
60072
60075
47396
60078
60074
60073
60076
60244
48103
47181
60245
45574
48661
48307
56303
51797
55707
50810
55713
55712
55705
55701
47369
47846
51119
44924
47737
45378
55699
55695
45698
45101
47900
45704
48486
47751
46371
57916
48383
45658
45583
55710
44931
45059
59461
59935
45193
45691
49764
46368
48697
48147
47360
48456
48448
59518
55394
45050
59872
46068
55700
44943
45667
48480
45371
48451
45076
54786
44918
57822
44938
45714
55672
55645
53990
45730
55697
48677
48005
45402
46673
45103
48409
53549
47801
44939
47999
58780
54069
47599
48389
48372
45709
51796
48879
59094
55709
58799
48402
47835
45234
58805
45732
52881
47897
46152
50826
44746
46547
45214
45199
45372
45547
58888
56691
60990
45082
45053
48446
49726
46677
47570
57293
52613
54829
59665
45559
47729
44926
57140
55298
45692
50824
59428
60337
45391
47387
50833
44713
47644
45672
60357
49140
59440
46332
46787
44967
44944
46570
45770
46548
48118
55437
59003
46358
46757
59472
45783
45769
46149
49162
59861
52308
58479
47581
53597
45775
58216
45766
45733
55344
58620
45364
46754
45782
45065
48387
44764
47398
45785
54782
45049
52481
52696
52683
47594
53021
61067
45762
45662
47134
49170
56093
50847
49412
50160
45743
48302
48026
51460
46030
55992
47666
51107
48476
53281
52691
50811
46031
52570
52261
53284
51730
45734
53428
47128
47869
45767
51145
53989
52381
53133
53862
47768
53865
46071
51982
57846
47726
53625
47394
47891
48585
52460
57103
53714
45562
47372
56033
47642
51978
45757
54769
47740
52124
47620
48588
47795
46675
48335
47811
47763
52582
46121
48322
48313
52701
48296
53617
48660
48394
54072
57881
54765
47174
47363
48463
48429
48122
46062
51961
44760
47842
47743
48689
53534
46711
47402
47646
47889
53937
47167
47725
47881
56106
48030
45089
47674
52533
47769
47645
48281
47775
47761
47902
47593
47671
47914
47653
52299
56114
45740
47163
47639
47875
45178
47998
47871
46760
47591
47990
46132
47913
52091
47909
47635
45779
45777
47551
47170
48647
55482
46692
45066
47860
46772
47991
46583
46788
47557
47982
46147
47764
47994
47664
47661
48675
47583
47579
46748
48020
47727
50803
48393
46789
46726
58833
47905
48092
52997
47548
47781
46140
47864
46747
47165
44766
53748
46752
45191
45684
46682
46586
44743
46370
47124
58982
46561
46798
48013
46380
47141
47151
47640
47637
47756
46791
47562
46532
47774
45380
47175
47918
47139
46341
46334
47989
45099
47673
47658
44733
44915
47985
47595
47677
46361
48141
52003
46684
47876
48031
46781
47757
47980
47867
47866
46554
44715
46767
46374
47880
45545
47601
46785
47979
45078
47144
47136
59514
46081
46591
45534
45750
59408
45393
46133
47575
46765
55270
48002
47992
47878
45548
46584
53987
57845
57048
47877
59485
57664
46741
45400
53907
46162
55745
46550
46122
57674
46577
47603
45688
47865
47977
46364
47885
47665
47177
47586
45678
47996
46671
47912
53818
46779
56390
47554
53223
56771
58802
47155
47892
45546
55929
47660
47578
53427
47917
47600
55759
47403
55415
44757
44920
59251
47675
46793
52338
47138
46589
45550
47598
45771
44959
55412
45683
47636
46756
48403
47607
45184
47670
57929
46042
44737
46770
48461
48664
52495
55678
48645
44767
47597
59793
48110
47651
47585
58728
46041
45221
47153
55363
59946
44763
46138
47550
58837
45411
47164
46078
45541
46546
45396
48369
59792
47633
55578
45690
56473
49149
45232
48036
56815
53222
46069
44740
45708
55409
45560
59183
53510
46126
48033
53618
49168
49152
51728
47820
55308
48279
45092
54794
46766
48680
49150
45661
46694
45373
55646
44966
59951
57996
48034
44914
53749
53689
47668
55417
52547
47888
59692
47803
46703
47571
46707
45680
45409
47863
47602
44732
45058
48014
47574
46545
46037
56330
46751
44921
53666
59455
48028
55391
59649
44923
56543
45682
45407
46534
45579
45666
46544
58591
53678
46163
47129
47868
46148
51890
48008
45075
45566
56798
45745
47561
54171
52466
46759
53181
63852
47549
49142
47629
53507
59383
58599
46363
48600
47663
49172
55768
44945
57464
48160
54046
44236
44238
44240
44249
44252
44257
44268
44275
44277
44282
44287
44289
44713
44722
44727
44728
44729
44730
44731
44738
44739
44742
44746
44754
44755
44756
44764
44769
44770
44916
44919
44924
44926
44928
44931
44935
44936
44938
44939
44943
44947
44950
44951
44953
44944
44956
44957
44958
44963
44964
44967
44971
45051
45045
45049
45050
45053
45059
45063
45065
45069
45070
45076
45077
45079
45082
45086
45091
45097
45101
45102
45103
45180
45199
45200
45202
45203
45208
45209
45213
45214
45215
45216
45220
45231
45234
45364
45365
45372
45378
45382
45391
45392
45410
45418
45533
45537
45539
45547
45549
45552
45559
45561
45562
45571
45574
45575
45577
45583
45584
45585
45658
45659
45662
45672
45681
45687
45691
45692
45698
45704
45705
45709
45713
45714
45716
45730
45732
45733
45736
45743
45749
45752
45761
45762
45763
45765
45766
45768
45769
45770
45775
45782
45783
45785
46065
46030
46031
46040
46044
46046
46049
46050
46056
46057
46067
46068
46071
46072
46134
46139
46143
46149
46152
46158
46165
46166
46170
46332
46339
46346
46350
46358
46367
46368
46369
46371
46373
46377
46378
46379
46381
48389
46536
46539
46540
46547
46548
46555
46568
46569
46570
46571
46587
46365
46560
46573
46590
46673
46676
46677
46680
46683
46686
46688
46697
46704
46708
46710
46720
46722
46724
46729
46739
46742
46745
46754
46757
46761
46762
46769
46771
46773
46774
46775
46776
46777
46783
46787
46795
47123
47125
47127
47128
47130
47131
47134
47140
47142
47146
47154
47160
47166
47169
47172
47176
47180
47181
47813
47349
47350
47360
47364
47365
47369
47387
47394
47396
47398
47413
47415
47416
47417
47418
47419
47420
47421
47422
47553
47758
47569
47570
47581
47584
47594
47599
47644
47751
47666
47678
47669
46797
47726
47729
47737
47741
47744
47755
47759
47765
47768
47779
47794
47801
47809
47835
47846
47890
47891
47897
47899
47900
47906
47915
47983
47984
47986
47988
47999
48001
48004
48005
48006
48007
48011
48015
48012
48017
48103
48025
48026
48035
48109
48114
48118
48146
48147
48160
48285
48297
48302
48307
48308
48324
48372
48383
48384
48387
48402
48409
48430
48446
48447
48448
48451
48456
48457
48476
48480
48486
48559
48560
48561
48567
48579
48585
48591
48598
48599
48601
48638
48661
48665
48677
48697
48879
49140
49162
49170
49412
49439
49448
49726
49731
49764
50160
50162
50164
50810
50196
59665
50807
50811
50824
50826
50833
50847
51107
51119
51122
51145
51460
51471
51723
51796
51800
51806
51817
51967
51982
52097
52104
52128
52130
52351
52460
52481
52261
52277
52279
52545
52613
52683
52691
52696
52881
53021
53028
53148
53245
53271
53281
53549
53597
53599
53625
53714
53747
53785
53788
53791
53862
53972
53989
53990
54001
54014
54046
54057
54189
54782
54829
54839
55298
55301
55344
55394
55424
53739
53865
54197
54786
55476
55496
55606
55642
55645
55666
55672
55695
55696
55699
55700
55702
55703
55704
55706
55709
55710
55711
55714
55715
55992
55997
56135
56139
56145
56033
56093
56303
56402
56691
56514
56829
56830
57103
57140
57259
57293
57466
57478
57619
57649
57822
57846
57916
58216
58351
58479
58620
58687
58780
58792
58799
58805
58888
59001
59003
59094
59311
59428
59518
59440
59461
59796
59861
59872
59935
60337
60357
60075
60078
61067
