STARLINK REENTRIES 2020-01-01 to 2025-05-31
44246
45211
44948
44278
44965
45657
44277
44236
44255
44242
44270
44274
44247
44239
44272
44237
44248
44745
44260
44261
44258
44280
44283
44254
44266
44250
44290
44267
44264
44256
44251
44285
44269
44253
44245
45363
44294
44241
44284
44293
44262
44235
44291
44288
44292
44265
44259
44244
44243
44271
44263
44276
45055
46670
46778
46750
44960
45385
45056
44273
46678
45664
46551
44268
45097
44286
44240
47176
44289
44750
44275
46729
48477
45218
45749
44279
45715
45737
47132
47893
46739
46587
46367
48457
44958
45070
45200
46139
46373
44730
46057
45069
46377
46761
46771
48601
45091
47123
46540
46683
46697
47142
46773
46170
46381
47125
44971
44287
46695
46145
44962
46777
47127
44281
46721
44749
44936
47169
46379
45765
47180
47678
45063
46724
46676
46762
46369
44935
44919
45216
47160
48006
48001
49429
46339
46555
44916
47364
47417
47413
44756
44728
46795
48007
47987
45220
47418
47420
50184
47421
47419
46050
45585
48025
47984
48032
48035
48024
48015
48004
47983
45203
47422
47414
47416
47415
44257
47140
47131
47584
46775
46688
46143
48560
51458
51456
51459
51457
46378
51466
46536
44769
51470
45549
47986
47631
45687
45716
47759
44755
46539
52109
46728
47146
45077
46769
47172
46568
46774
52128
52099
46590
52130
52104
52097
47553
48590
47758
47156
46571
46797
47765
47755
44282
45410
46708
45224
50164
47605
47159
48017
46046
47365
45763
44249
53279
47145
53270
47168
45539
53437
47988
45552
45752
46720
45533
53615
53614
47349
53822
53747
45209
53739
44252
45231
44238
53717
53710
53921
53725
53791
53028
53788
53785
53599
46745
45761
47569
52351
55301
46763
46776
44722
55424
45537
47166
44929
55606
47890
47872
55356
46552
55715
44963
54057
55666
48012
46742
55706
45202
44770
51967
45046
47130
56286
55696
44742
45086
51817
45051
45575
55711
44947
46346
56831
55703
46560
47906
46573
55698
56696
56829
44950
47669
45195
55496
56830
44727
45561
55708
45418
56514
57478
57619
44739
55702
44731
55714
45694
47779
47886
55476
44957
47154
57922
45180
44738
57466
51471
47899
56402
44754
45584
45365
46056
46710
45577
46134
46065
45208
45382
45736
45213
51800
44955
44956
58618
52277
44953
58667
52624
48587
46768
48114
47809
45571
45705
57706
46680
44964
45102
50162
57259
58950
46569
45768
46365
48109
44729
52279
59091
44946
48027
47738
54197
46067
49731
51806
45392
58351
56145
48598
49448
56135
57649
48384
48599
48324
48430
47915
48579
54001
48308
44951
44928
47741
48447
49439
58687
46165
50196
47350
46040
46783
48665
48591
48567
48297
53972
56139
46044
47794
48559
50807
52545
48638
54014
48285
53245
46722
59001
59796
58792
46350
48146
46686
51723
46704
45659
59311
55704
46049
45713
48011
55997
46158
45045
48108
47813
54189
53148
45215
55642
46072
54839
48561
53271
45079
46166
51122
47744
45681
60072
60075
47396
60078
60074
60073
60076
60244
48103
47181
45574
60245
48661
48307
51797
56303
55707
55713
55712
55705
55701
50810
47369
45378
55699
55695
47846
51119
44924
47737
45698
45101
47900
45704
48486
46371
47751
57916
45583
48383
45658
55710
45059
44931
49764
46368
59461
59935
45193
45691
48697
48147
48456
48448
59518
47360
55394
45050
59872
55700
46068
48480
45371
48451
45076
44943
45667
54786
44918
57822
55672
55645
44938
45714
53990
55697
48677
45730
46673
48005
45402
45103
48409
58780
53549
47801
44939
47999
54069
47599
51796
48389
48372
45709
55709
58799
48402
48879
59094
47835
58805
45234
52881
45732
47897
46152
50826
45372
44746
46547
45214
45199
45547
58888
56691
45082
45053
60990
48446
49726
46677
52613
47570
57293
45559
54829
59665
47729
44926
57140
55298
45692
50824
60337
59428
45391
47387
50833
44713
47644
45672
60357
49140
59440
46332
46787
44967
44944
46570
45770
46548
55437
48118
59003
46358
46757
59472
45783
46149
45769
59861
52308
58479
49162
53597
47581
45775
58216
45766
45733
55344
58620
45364
46754
45782
45065
48387
44764
47398
45785
54782
45049
52481
52696
52683
47594
47134
49170
53021
61067
45762
45662
56093
50847
49412
50160
45743
48302
48026
47666
51460
46030
55992
48476
51107
53281
52691
50811
52570
46031
47128
52261
53284
51730
45734
53428
53133
53862
47869
45767
51145
53989
52381
53865
47768
53625
47394
47891
46071
51982
57846
47726
45562
48585
52460
57103
53714
47372
47642
56033
51978
45757
54769
47740
52124
47620
48588
46675
47795
52582
46121
48335
47811
47763
53617
48660
48394
48322
48313
52701
48296
47174
54072
57881
54765
48463
48429
47363
48122
46062
51961
48689
44760
47842
47743
47402
47646
47889
53534
46711
47167
53937
47881
47725
45089
47674
52533
56106
48030
47645
47769
48281
47902
47775
47761
47671
47914
47653
52299
47593
56114
45740
47163
47639
47875
45178
47998
47871
46760
46132
47913
47591
47990
52091
47909
47635
47170
48647
45779
45777
47551
45066
55482
46692
47860
46772
47991
46147
46583
46788
47557
47982
47664
47661
48675
47764
47994
47583
47579
48393
46748
48020
47727
50803
47905
46789
46726
58833
46140
48092
52997
47548
47781
47165
47864
46747
46682
44766
53748
46752
45191
45684
46370
47124
58982
46586
44743
46380
47141
46561
46798
48013
47151
47640
47637
47756
45380
47175
47918
47139
46341
46791
47562
46532
47774
45099
47673
47658
46334
47989
44733
44915
47985
47677
46361
47595
48141
46684
52003
47876
48031
46781
47757
47980
46374
47880
47867
47866
46554
44715
46767
45078
47144
47136
59514
46081
45545
47601
46785
47979
46591
45393
46133
45534
45750
59408
47878
47575
46765
55270
48002
47992
47877
45548
46584
53987
57845
57048
53907
46162
59485
57664
46741
45400
55745
46122
46550
57674
46577
47603
45688
46364
47885
47865
47977
47665
47177
46671
47912
47586
45678
47996
53818
46779
56390
58802
47554
53223
56771
47155
47892
55929
47660
45546
47917
47578
53427
47403
47600
55759
55415
59251
44757
44920
47675
52338
47138
46793
46589
45550
55412
47598
45771
44959
47636
45683
48403
46756
47670
47607
45184
57929
46042
44737
46770
48461
48664
55678
52495
59793
48645
44767
47597
47651
48110
58728
47585
47153
46041
45221
55363
59946
46138
44763
47164
47550
58837
45411
46078
45541
46546
45396
59792
47633
48369
56473
55578
45690
49149
45232
48036
56815
53222
55409
45560
46069
44740
45708
46126
59183
53510
53618
49168
48033
49152
51728
47820
55308
45092
48279
48680
54794
46766
49150
45661
45373
55646
46694
57996
44966
59951
48034
44914
47668
55417
52547
47888
53749
53689
59692
47803
46703
47571
46707
45680
45409
45058
47863
47602
44732
48014
47574
46545
46037
56330
46751
44921
53666
55391
59455
48028
59649
44923
56543
45682
45407
45579
46534
45666
46163
47129
46544
58591
53678
46148
47868
51890
48008
45075
45566
56798
45745
54171
47561
52466
46759
53181
63852
47549
49142
47629
53507
59383
58599
46363
47663
49172
48600
55768
57464
44945
48160
54046
44236
44238
44240
44249
44252
44257
44268
44275
44277
44282
44287
44289
44713
44722
44727
44728
44729
44730
44731
44738
44739
44742
44746
44754
44755
44756
44764
44769
44770
44916
44919
44924
44926
44928
44931
44935
44936
44938
44939
44943
44947
44950
44951
44953
44944
44956
44957
44958
44963
44964
44967
44971
45051
45045
45049
45050
45053
45059
45063
45065
45069
45070
45076
45077
45079
45082
45086
45091
45097
45101
45102
45103
45180
45199
45200
45202
45203
45208
45209
45213
45214
45215
45216
45220
45231
45234
45364
45365
45372
45378
45382
45391
45392
45410
45418
45533
45537
45539
45547
45549
45552
45559
45561
45562
45571
45574
45575
45577
45583
45584
45585
45658
45659
45662
45672
45681
45687
45691
45692
45698
45704
45705
45709
45713
45714
45716
45730
45732
45733
45736
45743
45749
45752
45761
45762
45763
45765
45766
45768
45769
45770
45775
45782
45783
45785
46065
46030
46031
46040
46044
46046
46049
46050
46056
46057
46067
46068
46071
46072
46134
46139
46143
46149
46152
46158
46165
46166
46170
46332
46339
46346
46350
46358
46367
46368
46369
46371
46373
46377
46378
46379
46381
48389
46536
46539
46540
46547
46548
46555
46568
46569
46570
46571
46587
46365
46560
46573
46590
46673
46676
46677
46680
46683
46686
46688
46697
46704
46708
46710
46720
46722
46724
46729
46739
46742
46745
46754
46757
46761
46762
46769
46771
46773
46774
46775
46776
46777
46783
46787
46795
47123
47125
47127
47128
47130
47131
47134
47140
47142
47146
47154
47160
47166
47169
47172
47176
47180
47181
47813
47349
47350
47360
47364
47365
47369
47387
47394
47396
47398
47413
47415
47416
47417
47418
47419
47420
47421
47422
47553
47758
47569
47570
47581
47584
47594
47599
47644
47751
47666
47678
47669
46797
47726
47729
47737
47741
47744
47755
47759
47765
47768
47779
47794
47801
47809
47835
47846
47890
47891
47897
47899
47900
47906
47915
47983
47984
47986
47988
47999
48001
48004
48005
48006
48007
48011
48015
48012
48017
48103
48025
48026
48035
48109
48114
48118
48146
48147
48160
48285
48297
48302
48307
48308
48324
48372
48383
48384
48387
48402
48409
48430
48446
48447
48448
48451
48456
48457
48476
48480
48486
48559
48560
48561
48567
48579
48585
48591
48598
48599
48601
48638
48661
48665
48677
48697
48879
49140
49162
49170
49412
49439
49448
49726
49731
49764
50160
50162
50164
50810
50196
59665
50807
50811
50824
50826
50833
50847
51107
51119
51122
51145
51460
51471
51723
51796
51800
51806
51817
51967
51982
52097
52104
52128
52130
52351
52460
52481
52261
52277
52279
52545
52613
52683
52691
52696
52881
53021
53028
53148
53245
53271
53281
53549
53597
53599
53625
53714
53747
53785
53788
53791
53862
53972
53989
53990
54001
54014
54046
54057
54189
54782
54829
54839
55298
55301
55344
55394
55424
53739
53865
54197
54786
55476
55496
55606
55642
55645
55666
55672
55695
55696
55699
55700
55702
55703
55704
55706
55709
55710
55711
55714
55715
55992
55997
56135
56139
56145
56033
56093
56303
56402
56691
56514
56829
56830
57103
57140
57259
57293
57466
57478
57619
57649
57822
57846
57916
58216
58351
58479
58620
58687
58780
58792
58799
58805
58888
59001
59003
59094
59311
59428
59518
59440
59461
59796
59861
59872
59935
60337
60357
60075
60078
61067
